0,474
0,243
0,386
94,35
64,2
63,2
61,1
61,3
24,1
24,3
60,1
60,3
63,4
63,1
63,3
0,273
0,270
10,223
10,15
10,154
10,132
10,213
10,97
10,281
10,93
11,8
11,7
11,19
11,6
11,13
11,9
11,20
92,4
92,3
92,2
92,1
92,0
90,5
90,4
8,16
90,3
90,2
90,1
90,0
87,5
87,4
87,3
87,2
87,1
87,0
84,6
84,5
84,4
84,3
84,2
84,1
84,0
80,4
80,3
80,2
80,1
80,0
78,3
78,2
78,1
78,0
77,4
77,3
77,2
77,1
77,0
75,4
75,3
75,2
75,1
75,0
73,5
73,4
73,3
73,2
73,1
73,0
70,3
70,2
70,1
70,0
69,5
69,4
69,3
69,2
69,1
69,0
66,4
66,3
66,2
66,1
66,0
64,1
64,3
20,3
20,2
20,1
19,3
19,2
19,1
12,3
12,2
12,1
11,28
11,25
11,22
11,21
11,10
11,3
11,2
11,1
18,1
10,224
18,3
10,217
14,1
